dfrm <-
structure(list(x = c(0.0018368582241237164, 0.0019328347407281399, 
0.011149508645758033, 0.013077575480565429, 0.013390333158895373, 
0.022741224151104689, 0.023331202333793044, 0.027787122409790754, 
0.0355405795853585, 0.0415284289047122, 0.04646088695153594, 
0.04795913165435195, 0.050439659506082535, 0.052149013383314013, 
0.054190429393202066, 0.058934377273544669, 0.061786270467564464, 
0.062214052304625511, 0.063802466727793217, 0.063808480510488153, 
0.064457538770511746, 0.064949918771162629, 0.068446637131273746, 
0.070032679243013263, 0.070679047144949436, 0.071154023986309767, 
0.072460633469745517, 0.075275745708495378, 0.077064380282536149, 
0.077151669189333916, 0.082239230861887336, 0.083113897824659944, 
0.084246914368122816, 0.08531100582331419, 0.094857855467125773, 
0.099169103195890784, 0.099466160172596574, 0.10014084656722844, 
0.10087312618270516, 0.10318423574790359, 0.10498764039948583, 
0.10505013866350055, 0.10794362588785589, 0.10880631650798023, 
0.10902926861308515, 0.10910096345469356, 0.11036060494370759, 
0.11350770643912256, 0.11772061209194362, 0.118902558228001, 
0.12169192102737725, 0.12372356513515115, 0.12555509596131742, 
0.12915685446932912, 0.12937234807759523, 0.13141653384082019, 
0.13144232053309679, 0.13222817215137184, 0.13268997520208359, 
0.13411133782938123, 0.13862824672833085, 0.14114432572387159, 
0.14118508691899478, 0.14260408212430775, 0.14316658652387559, 
0.14330437942408025, 0.14362694276496768, 0.14732289966195822, 
0.14784570690244436, 0.148211560677737, 0.15483161131851375, 
0.15485101705417037, 0.15540122264064848, 0.15671413252130151, 
0.16210908186621964, 0.16308547835797071, 0.16432657442055643, 
0.16502763866446912, 0.16545393317937851, 0.16931091458536685, 
0.16957676666788757, 0.17180008231662214, 0.17344233486801386, 
0.17512676841579378, 0.17635071370750666, 0.17645203648135066, 
0.17655675252899528, 0.17719453573226929, 0.18086636113002896, 
0.18116832734085619, 0.18123182281851768, 0.18506996450014412, 
0.1862176014110446, 0.18919362244196236, 0.1897799177095294, 
0.19126010988838971, 0.19220953504554927, 0.19330986239947379, 
0.2016819310374558, 0.20269225514493883, 0.20597457489930093, 
0.20754511328414083, 0.21092575066722929, 0.21214252128265798, 
0.21269951923750341, 0.21320813521742821, 0.21864528488367796, 
0.22130592772737145, 0.22181375441141427, 0.2263807961717248, 
0.22865814273245633, 0.23046641424298286, 0.23216114845126867, 
0.23886867775581777, 0.23962941509671509, 0.24011627305299044, 
0.24081159615889192, 0.24479727703146636, 0.24548851395957172, 
0.2477268329821527, 0.25636760401539505, 0.25717002130113542, 
0.25801678071729839, 0.25816592667251825, 0.26092973724007607, 
0.26247411011718214, 0.26424904959276319, 0.26550866314209998, 
0.26721208309754729, 0.26722066872753203, 0.2675082073546946, 
0.26787812891416252, 0.26895059202797711, 0.26929377974011004, 
0.27026014588773251, 0.27684984169900417, 0.27775593264959753, 
0.27796602947637439, 0.28288395586423576, 0.28323250031098723, 
0.28479048097506166, 0.29294872283935547, 0.29360337276011705, 
0.29360554902814329, 0.29373015509918332, 0.29399179900065064, 
0.29865254205651581, 0.30570735968649387, 0.30644325888715684, 
0.30805244878865778, 0.30829233070835471, 0.31177237443625927, 
0.31248965649865568, 0.31627170718275011, 0.31714467168785632, 
0.31796368444338441, 0.32149212039075792, 0.32216805662028491, 
0.32535215187817812, 0.32701372681185603, 0.32877731905318797, 
0.33239467418752611, 0.33327798452228308, 0.33352080569602549, 
0.3337749307975173, 0.33548749168403447, 0.33761533349752426, 
0.33907293784432113, 0.33997920341789722, 0.34034899668768048, 
0.34448739374056458, 0.34668348915874958, 0.34723067772574723, 
0.34830205212347209, 0.3515734092798084, 0.35319727193564177, 
0.35388424061238766, 0.35672691208310425, 0.35740574519149959, 
0.36369680985808372, 0.36656361632049084, 0.36918946239165962, 
0.3702723802998662, 0.37035706592723727, 0.37212389963679016, 
0.37286670808680356, 0.37306337198242545, 0.37448686454445124, 
0.37521653086878359, 0.3787594405002892, 0.38003517943434417, 
0.38049388560466468, 0.38171635172329843, 0.38238795707002282, 
0.38410371821373701, 0.38430389203131199, 0.3861140925437212, 
0.38890509982593358, 0.38998954347334802, 0.39007893367670476, 
0.39135928102768958, 0.39714793325401843, 0.39910255582071841, 
0.39935110695660114, 0.39999436889775097, 0.40044974675402045, 
0.4056896127294749, 0.40576358232647181, 0.40683018718846142, 
0.41008408204652369, 0.41127442964352667, 0.41312420950271189, 
0.41504762531258166, 0.41785625834017992, 0.41832163580693305, 
0.42021589330397546, 0.42309860954992473, 0.42875037086196244, 
0.42962440778501332, 0.42971336678601801, 0.43147369055077434, 
0.43403084855526686, 0.43465948477387428, 0.43471764074638486, 
0.43597640166990459, 0.43693111045286059, 0.43809710722416639, 
0.44145914306864142, 0.44251010823063552, 0.44259246718138456, 
0.44623532332479954, 0.44628434861078858, 0.45257083140313625, 
0.45272006280720234, 0.45313144545070827, 0.45389548921957612, 
0.45527445361949503, 0.45906572625972331, 0.45957541209645569, 
0.46009644586592913, 0.46089517953805625, 0.46155184064991772, 
0.46396238100714982, 0.46925094234757125, 0.47067849757149816, 
0.47193073085509241, 0.47539792046882212, 0.47582503873854876, 
0.47618801845237613, 0.4763512450736016, 0.47723006503656507, 
0.47731370967812836, 0.47761962213553488, 0.47811803431250155, 
0.47854524827562273, 0.48208011547103524, 0.48216957319527864, 
0.48434952436946332, 0.48498968058265746, 0.48614910431206226, 
0.49259612080641091, 0.49331872863695025, 0.49354130704887211, 
0.4946545260027051, 0.49500164482742548, 0.49559357785619795, 
0.49769924208521843, 0.49786805198527873, 0.49851453071460128, 
0.50044097262434661, 0.50085048726759851, 0.50225081527605653, 
0.50333948573097587, 0.50693949707783759, 0.50703560258261859, 
0.50764182233251631, 0.51012520655058324, 0.51095969835296273, 
0.51116978377103806, 0.51473265280947089, 0.51679683639667928, 
0.51700982637703419, 0.5185761374887079, 0.5186342631932348, 
0.52398607786744833, 0.52602772391401231, 0.52731077698990703, 
0.52963060280308127, 0.52971958019770682, 0.53786492277868092, 
0.54213042440824211, 0.54764658701606095, 0.55303631164133549, 
0.55490062315948308, 0.55715953884646297, 0.56090074800886214, 
0.56217678776010871, 0.56278293579816818, 0.56426384299993515, 
0.57285336335189641, 0.57487219828180969, 0.57816191669553518, 
0.57835394400171936, 0.58220527018420398, 0.58703514141961932, 
0.58841919037513435, 0.59057315881364048, 0.5957119963131845, 
0.5980924223549664, 0.59876096714287996, 0.59956582542508841, 
0.60154121764935553, 0.60358806769363582, 0.60379240149632096, 
0.60493329027667642, 0.60530344652943313, 0.60974893509410322, 
0.61464497167617083, 0.62041003303602338, 0.62471418967470527, 
0.62911404389888048, 0.63041412248276174, 0.63142022839747369, 
0.63349326443858445, 0.64010104513727129, 0.64228825853206217, 
0.6427954921964556, 0.64431576291099191, 0.64706019381992519, 
0.64957946049980819, 0.65087046707049012, 0.65167376608587801, 
0.65472392807714641, 0.65616231551393867, 0.65782806929200888, 
0.65887760906480253, 0.65982102579437196, 0.66079779248684645, 
0.66200507641769946, 0.66301096766255796, 0.6646182497497648, 
0.66846673819236457, 0.67371223284862936, 0.67616405081935227, 
0.68144251476041973, 0.68278807867318392, 0.68702284665778279, 
0.68941341247409582, 0.6896278487984091, 0.69025672296993434, 
0.69192767213098705, 0.69273155648261309, 0.69501224625855684, 
0.69882453721947968, 0.70246251253411174, 0.70277874334715307, 
0.70585900638252497, 0.71112122246995568, 0.71174386772327125, 
0.7125146787147969, 0.7125401224475354, 0.71556606609374285, 
0.7158332837279886, 0.71761850826442242, 0.71793527598492801, 
0.71991398837417364, 0.72369075124152005, 0.72371094604022801, 
0.7237259466201067, 0.72449889266863465, 0.72540527256205678, 
