xyz <-
structure(list(x = c(16L, 34L, 6L, 19L, 34L, 47L, 7L, 8L, 8L, 
7L, 40L, 38L, 23L, 7L, 18L, 16L, 20L, 20L, 27L, 18L, 46L, 20L, 
18L, 20L, 25L, 12L, 30L, 4L, 27L, 5L, 16L, 24L, 5L, 7L, 23L, 
7L, 37L, 45L, 16L, 17L, 11L, 20L, 36L, 24L, 41L, 31L, 24L, 24L, 
24L, 30L, 14L, 28L, 60L, 19L, 38L, 27L, 52L, 21L, 32L, 42L, 29L, 
34L, 82L, 59L, 23L, 51L, 43L, 28L, 45L, 46L, 30L, 52L, 53L, 36L, 
48L, 44L, 56L, 24L, 30L, 35L, 51L, 37L, 46L, 15L, 55L, 15L, 34L, 
32L, 52L, 39L, 54L, 29L, 47L, 48L, 33L, 34L, 50L, 51L, 41L, 44L, 
61L, 44L, 30L, 58L, 58L, 59L, 16L, 46L, 44L, 42L, 63L, 38L, 47L, 
26L, 6L, 30L, 21L, 47L, 35L, 44L, 28L, 58L, 39L, 44L, 43L, 49L, 
38L, 45L, 26L, 52L, 29L, 29L, 24L, 20L, 47L, 25L, 56L, 29L, 4L, 
23L, 61L, 62L, 21L, 47L, 73L, 60L, 25L, 84L, 35L, 44L, 15L, 31L, 
31L, 25L, 38L, 41L, 52L, 41L, 40L, 43L, 45L, 37L, 46L, 53L, 45L, 
42L, 29L, 26L, 26L, 20L, 43L, 57L, 45L, 58L, 47L, 15L, 35L, 17L, 
62L, 63L, 60L, 90L, 40L, 54L, 32L, 47L, 67L, 67L, 69L, 62L, 40L, 
38L, 32L, 39L, 42L, 51L, 37L, 35L, 64L, 43L, 51L, 53L, 81L, 59L, 
67L, 41L, 51L, 52L, 59L, 77L, 52L, 60L, 76L, 73L, 71L, 49L, 50L, 
81L, 59L, 58L, 73L, 58L, 56L, 78L, 72L, 77L, 66L, 100L, 77L, 
57L, 79L, 59L, 75L, 66L, 58L, 55L, 75L, 63L, 40L, 90L, 70L, 68L, 
95L, 60L, 54L, 67L, 33L, 72L, 65L, 75L, 78L, 56L, 66L, 87L, 75L, 
82L, 62L, 84L, 46L, 47L, 79L, 89L, 84L, 93L, 55L, 60L, 52L, 64L, 
100L, 61L, 62L, 81L, 81L, 53L, 53L, 59L, 78L, 90L, 70L, 70L, 
69L, 79L, 80L, 87L, 69L, 80L, 76L, 71L, 100L, 100L, 90L, 100L, 
91L, 100L, 49L, 76L, 100L, 85L, 47L, 70L, 19L, 31L, 32L, 48L, 
28L, 47L, 33L, 23L, 33L, 42L, 32L, 50L, 33L, 4L, 25L, 19L, 40L, 
26L, 30L, 24L, 30L, 52L, 31L, 18L, 34L, 27L, 52L, 55L, 34L, 14L, 
42L, 35L, 58L, 39L, 4L, 27L, 41L, 35L, 42L, 40L, 41L, 55L, 48L, 
20L, 21L, 25L, 43L, 42L, 15L, 38L, 16L, 45L, 26L, 25L, 7L, 31L, 
20L, 26L, 14L, 25L, 84L, 98L, 83L, 67L, 60L, 93L, 73L, 33L, 75L, 
77L, 65L, 73L, 65L, 55L, 48L, 75L, 77L, 83L, 78L, 62L, 69L, 85L, 
62L, 53L, 64L, 72L, 100L, 43L, 57L, 64L, 98L, 63L, 94L, 65L, 
53L, 80L, 78L, 80L, 66L, 79L, 63L, 78L, 41L, 73L, 77L, 63L, 85L, 
37L, 46L, 70L, 45L, 64L, 57L, 53L, 74L, 67L, 68L, 69L, 89L, 55L, 
68L, 87L, 72L, 41L, 72L, 54L, 69L, 95L, 54L, 83L, 58L, 53L, 84L, 
82L, 67L, 58L, 70L, 70L, 100L, 55L, 80L, 55L, 25L, 60L, 65L, 
67L, 59L, 51L, 71L, 78L, 43L, 41L, 57L, 75L, 77L, 71L, 49L, 41L, 
13L, 76L, 77L, 74L, 94L, 62L, 59L, 67L, 51L, 57L, 70L, 77L, 74L, 
58L, 64L, 54L, 87L, 82L, 59L, 69L, 75L, 66L), y = c(165.54851959999999, 
167.5593135, 165.88295170000001, 167.68552489999999, 169.95968070000001, 
168.68874719999999, 169.61938169999999, 164.4162728, 167.5104297, 
179.60606799999999, 174.46548519999999, 164.78124779999999, 172.5594668, 
179.00077429999999, 175.97040910000001, 170.8193187, 170.05343980000001, 
171.0932718, 166.9571182, 169.7708317, 177.17444359999999, 170.68685049999999, 
176.74026720000001, 182.921515, 182.35395249999999, 183.08193130000001, 
182.17533130000001, 175.51221369999999, 173.5323951, 174.22169959999999, 
174.83993509999999, 180.06344569999999, 190.64095879999999, 169.7087779, 
179.5743569, 188.84720390000001, 173.21643220000001, 179.42399130000001, 
182.8767077, 177.82055, 191.9322152, 185.66344140000001, 188.224188, 
191.0762972, 193.0720144, 195.98165, 185.50812769999999, 191.76474719999999, 
184.08779269999999, 193.02992850000001, 193.24414590000001, 187.55966459999999, 
192.81736739999999, 192.8957911, 189.06441480000001, 190.66111230000001, 
197.79716329999999, 186.3583927, 196.16945989999999, 188.3476105, 
200.45183059999999, 202.65186940000001, 204.0826204, 205.19040279999999, 
201.4306689, 199.21387139999999, 203.22915979999999, 197.37079030000001, 
197.7966825, 199.6620064, 208.77082770000001, 199.64700869999999, 
198.63957360000001, 193.39045809999999, 196.7885373, 195.7997268, 
205.00733500000001, 204.5745191, 197.82100299999999, 202.9267917, 
209.76919899999999, 212.30016879999999, 206.80022640000001, 206.02913340000001, 
216.45340820000001, 214.37561299999999, 206.7412391, 201.75693380000001, 
212.9415295, 209.92582089999999, 210.8249888, 213.8767095, 218.6140446, 
210.89807540000001, 208.80689179999999, 213.52697760000001, 214.34524450000001, 
212.42909299999999, 214.00228670000001, 209.37351129999999, 217.04554519999999, 
216.91973179999999, 215.0328021, 218.4580886, 221.11519290000001, 
207.18960960000001, 225.45133670000001, 227.24234000000001, 216.09243069999999, 
227.25061489999999, 217.0385986, 220.57510909999999, 213.17088509999999, 
229.85206740000001, 224.7217526, 229.91135249999999, 219.4764395, 
221.150666, 211.97735270000001, 223.3711855, 200.55378619999999, 
200.94461279999999, 208.51973749999999, 194.04549650000001, 202.84885059999999, 
202.02030239999999, 199.33712220000001, 205.1835979, 205.9698587, 
203.5147168, 204.7389919, 195.57317810000001, 199.09447460000001, 
196.3430907, 201.30402749999999, 205.93569439999999, 195.31135610000001, 
192.40148690000001, 189.60568549999999, 208.55428019999999, 209.81677730000001, 
209.2845643, 209.81575599999999, 209.02757249999999, 210.61812879999999, 
216.5011188, 216.28590869999999, 216.58275309999999, 217.7575204, 
211.8756156, 211.1851959, 200.34315340000001, 215.92948129999999, 
206.67734160000001, 212.0453334, 216.45270489999999, 211.49871780000001, 
221.35800699999999, 211.7023111, 213.1243748, 216.74456079999999, 
215.07617300000001, 220.71276130000001, 220.97984510000001, 221.99429230000001, 
218.96489729999999, 223.36768509999999, 219.12088679999999, 217.12930489999999, 
217.98833809999999, 225.11042509999999, 218.42771329999999, 223.29305729999999, 
221.7403879, 227.813772, 220.7496859, 213.89287110000001, 222.50521140000001, 
217.31261910000001, 224.47477319999999, 216.33770050000001, 209.131404, 
209.9054477, 207.4095317, 203.03261040000001, 217.12458549999999, 
201.3487591, 201.75970240000001, 216.18241140000001, 204.94459670000001, 
216.4814757, 212.55731729999999, 214.1797766, 215.68272429999999, 
198.28322660000001, 207.8103437, 215.36286759999999, 206.64352049999999, 
210.06941649999999, 213.1133748, 212.0792079, 215.53159059999999, 
220.15626850000001, 206.21805130000001, 212.22989459999999, 208.06421119999999, 
207.3500373, 213.011877, 213.55981600000001, 215.29436039999999, 
210.94025529999999, 215.96520860000001, 204.95274259999999, 213.58206229999999, 
214.75219809999999, 209.52797870000001, 205.9587665, 201.32157340000001, 
214.4584547, 203.77147819999999, 210.9189945, 208.29506420000001, 
208.44322410000001, 210.70998169999999, 215.3302228, 203.39754350000001, 
213.7782631, 200.18216870000001, 208.7098561, 211.33428789999999, 
212.94413940000001, 196.71651489999999, 203.92239749999999, 196.28280910000001, 
206.22611760000001, 207.7157235, 204.57819140000001, 199.68171280000001, 
206.87667070000001, 214.40673810000001, 205.37384539999999, 206.75919400000001, 
204.6719573, 194.40183640000001, 191.98841279999999, 193.78142120000001, 
198.14945259999999, 203.84203880000001, 200.14601010000001, 201.9407357, 
195.17051950000001, 205.59396799999999, 198.52137379999999, 209.0728968, 
191.5980825, 199.00712239999999, 200.615296, 194.15331280000001, 
202.7619162, 201.97711319999999, 208.9110526, 192.7707273, 200.73378439999999, 
202.01105939999999, 202.01543799999999, 204.64951690000001, 205.55711099999999, 
192.3148453, 198.87461569999999, 191.67808289999999, 199.78987950000001, 
196.9084076, 202.5377201, 193.4432113, 204.5964783, 194.66607239999999, 
198.9087408, 202.8991734, 194.0053025, 204.43293499999999, 198.59923800000001, 
198.4922727, 203.00183250000001, 204.0924923, 196.6191159, 197.2118055, 
197.43679549999999, 196.33094019999999, 200.27238059999999, 191.24892919999999, 
208.37104260000001, 199.10004119999999, 195.2930049, 192.91743890000001, 
199.0632277, 193.45265230000001, 196.5466237, 193.26917940000001, 
196.23778820000001, 208.34686060000001, 169.84571109999999, 168.44431789999999, 
172.6260848, 169.9158692, 169.45620109999999, 173.2164946, 182.00872279999999, 
