dfm <-
structure(list(crim = c(0.0063200000000000001, 0.027310000000000001, 
0.027289999999999998, 0.032370000000000003, 0.06905, 0.029850000000000002, 
0.088289999999999993, 0.14455000000000001, 0.21124000000000001, 
0.17004, 0.22489000000000001, 0.11747, 0.093780000000000002, 
0.62975999999999999, 0.63795999999999997, 0.62739, 1.05393, 0.78420000000000001, 
0.80271000000000003, 0.7258, 1.25179, 0.85204000000000002, 1.23247, 
0.98843000000000003, 0.75026000000000004, 0.84053999999999995, 
0.67191000000000001, 0.95577000000000001, 0.77298999999999995, 
1.0024500000000001, 1.1308100000000001, 1.3547199999999999, 1.3879900000000001, 
1.1517200000000001, 1.6128199999999999, 0.064170000000000005, 
0.097439999999999999, 0.080140000000000003, 0.17505000000000001, 
0.027629999999999998, 0.033590000000000002, 0.12744, 0.14149999999999999, 
0.15936, 0.12268999999999999, 0.17141999999999999, 0.18836, 0.22927, 
0.25386999999999998, 0.21976999999999999, 0.088730000000000003, 
0.043369999999999999, 0.053600000000000002, 0.04981, 0.013599999999999999, 
0.01311, 0.020549999999999999, 0.014319999999999999, 0.15445, 
0.10328, 0.14932000000000001, 0.17171, 0.11027000000000001, 0.1265, 
0.01951, 0.035839999999999997, 0.043790000000000003, 0.057889999999999997, 
0.13553999999999999, 0.12816, 0.088260000000000005, 0.15876000000000001, 
0.091639999999999999, 0.19539000000000001, 0.078960000000000002, 
0.095119999999999996, 0.10153, 0.087069999999999995, 0.056460000000000003, 
0.08387, 0.04113, 0.04462, 0.036589999999999998, 0.03551, 0.050590000000000003, 
0.057349999999999998, 0.051880000000000003, 0.071510000000000004, 
0.056599999999999998, 0.053019999999999998, 0.04684, 0.039320000000000001, 
0.042029999999999998, 0.028750000000000001, 0.042939999999999999, 
0.12204, 0.11504, 0.12083000000000001, 0.081869999999999998, 
0.068599999999999994, 0.14865999999999999, 0.11432, 0.22875999999999999, 
0.21160999999999999, 0.1396, 0.13261999999999999, 0.17119999999999999, 
0.13117000000000001, 0.12801999999999999, 0.26362999999999998, 
0.10793, 0.10084, 0.12329, 0.22212000000000001, 0.14230999999999999, 
0.17133999999999999, 0.13158, 0.15098, 0.13058, 0.14476, 0.068989999999999996, 
0.071650000000000005, 0.092990000000000003, 0.15038000000000001, 
0.098489999999999994, 0.16902, 0.38735000000000003, 0.25914999999999999, 
0.32543, 0.88124999999999998, 0.34005999999999997, 1.1929399999999999, 
0.59004999999999996, 0.32982, 0.97616999999999998, 0.55778000000000005, 
0.32263999999999998, 0.35232999999999998, 0.24979999999999999, 
0.54452, 0.29089999999999999, 1.6286400000000001, 3.3210500000000001, 
4.0974000000000004, 2.7797399999999999, 2.37934, 2.1550500000000001, 
2.3686199999999999, 2.3309899999999999, 2.7339699999999998, 1.6566000000000001, 
1.4963200000000001, 1.1265799999999999, 2.1491799999999999, 1.4138500000000001, 
3.5350100000000002, 2.4466800000000002, 1.2235799999999999, 1.34284, 
1.42502, 1.27346, 1.46336, 1.8337699999999999, 1.51902, 2.2423600000000001, 
2.9239999999999999, 2.0101900000000001, 1.8002800000000001, 2.3003999999999998, 
2.4495300000000002, 1.2074199999999999, 2.3138999999999998, 0.13914000000000001, 
0.09178, 0.084470000000000003, 0.066640000000000005, 0.070220000000000005, 
0.05425, 0.066420000000000007, 0.057799999999999997, 0.065879999999999994, 
0.068879999999999997, 0.09103, 0.10008, 0.083080000000000001, 
0.060470000000000003, 0.05602, 0.078750000000000001, 0.12579000000000001, 
0.083699999999999997, 0.090679999999999997, 0.069110000000000005, 
0.086639999999999995, 0.021870000000000001, 0.01439, 0.013809999999999999, 
0.04011, 0.04666, 0.037679999999999998, 0.0315, 0.017780000000000001, 
0.034450000000000001, 0.021770000000000001, 0.035099999999999999, 
0.02009, 0.13642000000000001, 0.22969000000000001, 0.25198999999999999, 
0.13586999999999999, 0.43570999999999999, 0.17446, 0.37578, 0.21718999999999999, 
0.14052000000000001, 0.28954999999999997, 0.19802, 0.045600000000000002, 
0.070129999999999998, 0.11069, 0.11425, 0.35809000000000002, 
0.40771000000000002, 0.62356, 0.61470000000000002, 0.31533, 0.52693000000000001, 
0.38213999999999998, 0.41238000000000002, 0.29819000000000001, 
0.44178000000000001, 0.53700000000000003, 0.46295999999999998, 
0.57528999999999997, 0.33146999999999999, 0.44790999999999997, 
0.33045000000000002, 0.52058000000000004, 0.51183000000000001, 
0.082439999999999999, 0.092520000000000005, 0.11329, 0.10612000000000001, 
0.10290000000000001, 0.12756999999999999, 0.20608000000000001, 
0.19133, 0.33983000000000002, 0.19656999999999999, 0.16439000000000001, 
0.19073000000000001, 0.14030000000000001, 0.21409, 0.082210000000000005, 
0.36893999999999999, 0.048189999999999997, 0.035479999999999998, 
0.01538, 0.61153999999999997, 0.66351000000000004, 0.65664999999999996, 
0.54010999999999998, 0.53412000000000004, 0.52014000000000005, 
0.82525999999999999, 0.55006999999999995, 0.76161999999999996, 
0.78569999999999995, 0.57833999999999997, 0.54049999999999998, 
0.090649999999999994, 0.29915999999999998, 0.16211, 0.11459999999999999, 
0.22187999999999999, 0.056439999999999997, 0.09604, 0.10469000000000001, 
0.061269999999999998, 0.079780000000000004, 0.21038000000000001, 
0.035779999999999999, 0.03705, 0.061289999999999997, 0.015010000000000001, 
0.0090600000000000003, 0.010959999999999999, 0.019650000000000001, 
0.038710000000000001, 0.045900000000000003, 0.042970000000000001, 
0.035020000000000003, 0.07886, 0.036150000000000002, 0.082650000000000001, 
0.081989999999999993, 0.12931999999999999, 0.053719999999999997, 
0.14102999999999999, 0.064659999999999995, 0.05561, 0.044170000000000001, 
0.035369999999999999, 0.092660000000000006, 0.10000000000000001, 
0.055149999999999998, 0.054789999999999998, 0.075029999999999999, 
0.049320000000000003, 0.49297999999999997, 0.34939999999999999, 
2.6354799999999998, 0.79040999999999995, 0.26168999999999998, 
0.26938000000000001, 0.36919999999999997, 0.25356000000000001, 
0.31827, 0.24521999999999999, 0.40201999999999999, 0.47547, 0.1676, 
0.18159, 0.35114000000000001, 0.28392000000000001, 0.34109, 0.19186, 
0.30347000000000002, 0.24102999999999999, 0.066170000000000007, 
0.067239999999999994, 0.045440000000000001, 0.050229999999999997, 
0.034660000000000003, 0.05083, 0.037379999999999997, 0.039609999999999999, 
0.034270000000000002, 0.03041, 0.033059999999999999, 0.054969999999999998, 
0.061510000000000002, 0.013010000000000001, 0.024979999999999999, 
0.025430000000000001, 0.03049, 0.031130000000000001, 0.061620000000000001, 
0.018700000000000001, 0.015010000000000001, 0.028989999999999998, 
0.062109999999999999, 0.079500000000000001, 0.072440000000000004, 
0.017090000000000001, 0.04301, 0.10659, 8.9829600000000003, 3.8496999999999999, 
5.2017699999999998, 4.2613099999999999, 4.5419200000000002, 3.83684, 
3.67822, 4.2223899999999999, 3.4742799999999998, 4.5558699999999996, 
3.6969500000000002, 13.5222, 4.8982200000000002, 5.6699799999999998, 
6.5387599999999999, 9.2323000000000004, 8.2672500000000007, 11.1081, 
18.498200000000001, 19.609100000000002, 15.288, 9.8234899999999996, 
23.648199999999999, 17.866700000000002, 88.976200000000006, 15.8744, 
9.1870200000000004, 7.9924799999999996, 20.084900000000001, 16.811800000000002, 
24.393799999999999, 22.597100000000001, 14.3337, 8.1517400000000002, 
6.9621500000000003, 5.29305, 11.5779, 8.6447599999999998, 13.3598, 
8.7167499999999993, 5.8720499999999998, 7.6720199999999998, 38.351799999999997, 
9.9165500000000009, 25.046099999999999, 14.2362, 9.5957100000000004, 
24.8017, 41.529200000000003, 67.9208, 20.716200000000001, 11.9511, 
7.4038899999999996, 14.4383, 51.135800000000003, 14.050700000000001, 
18.811, 28.655799999999999, 45.746099999999998, 18.084599999999998, 
10.834199999999999, 25.9406, 73.534099999999995, 11.8123, 11.087400000000001, 
7.0225900000000001, 12.0482, 7.0504199999999999, 8.7921200000000006, 
15.860300000000001, 12.247199999999999, 37.661900000000003, 7.3671100000000003, 
